StartConsensus, 1531462286490333039
StartConsensus, 1531462310398370434
StartConsensus, 1531462312830783087
StartConsensus, 1531462316060877335
StartConsensus, 1531462318472466083
StartConsensus, 1531462322376057369
StartConsensus, 1531462323674911592
StartConsensus, 1531462328320897110
StartConsensus, 1531462331139392579
StartConsensus, 1531462334485962932
StartConsensus, 1531462343673619324
StartConsensus, 1531462353515374592
StartConsensus, 1531462356734302168
StartConsensus, 1531462360517547969
StartConsensus, 1531462363358656281
StartConsensus, 1531462366700014381
StartConsensus, 1531462370150052282
StartConsensus, 1531462373298676080
StartConsensus, 1531462377253665099
StartConsensus, 1531462380153910633
StartConsensus, 1531462382936828781
StartConsensus, 1531462386249726863
StartConsensus, 1531462389935357660
StartConsensus, 1531462395954712405
StartConsensus, 1531462398956806115
StartConsensus, 1531462401891902491
StartConsensus, 1531462404556031876
StartConsensus, 1531462407386212740
StartConsensus, 1531462410184631976
StartConsensus, 1531462413025920215
StartConsensus, 1531462417364293193
StartConsensus, 1531462419625059771
StartConsensus, 1531462421885481625
StartConsensus, 1531462424241054030
StartConsensus, 1531462427053358394
StartConsensus, 1531462429958733879
StartConsensus, 1531462433018615422
StartConsensus, 1531462435811794385
StartConsensus, 1531462439031131541
StartConsensus, 1531462441615197523
StartConsensus, 1531462444563695327
StartConsensus, 1531462447520724919
StartConsensus, 1531462448989042657
StartConsensus, 1531462453122581351
StartConsensus, 1531462455769520329
StartConsensus, 1531462459406297875
StartConsensus, 1531462461962121294
StartConsensus, 1531462465052376217
StartConsensus, 1531462468293556357
StartConsensus, 1531462471179373560
StartConsensus, 1531462473873742283
StartConsensus, 1531462476757653014
StartConsensus, 1531462479817670199
StartConsensus, 1531462481765761854
StartConsensus, 1531462486630749580
StartConsensus, 1531462489294261514
StartConsensus, 1531462492024875015
StartConsensus, 1531462494412434565
StartConsensus, 1531462497034334635
StartConsensus, 1531462499609538142
StartConsensus, 1531462503067610936
StartConsensus, 1531462506025809171
StartConsensus, 1531462508780281941
StartConsensus, 1531462511693306969
StartConsensus, 1531462515114388818
StartConsensus, 1531462518795824254
StartConsensus, 1531462523286572014
StartConsensus, 1531462525711252806
StartConsensus, 1531462527861033703
StartConsensus, 1531462530470763299
StartConsensus, 1531462532950395439
StartConsensus, 1531462535800941817
StartConsensus, 1531462539135873037
StartConsensus, 1531462542015434149
StartConsensus, 1531462545044379973
StartConsensus, 1531462548356781713
StartConsensus, 1531462551424182987
StartConsensus, 1531462553993596533
StartConsensus, 1531462555924863865
StartConsensus, 1531462560346933493
StartConsensus, 1531462563580497159
StartConsensus, 1531462566525497944
StartConsensus, 1531462569730085739
StartConsensus, 1531462572615170317
StartConsensus, 1531462576120679613
StartConsensus, 1531462579224804227
