INFO [08-10|03:41:34] Sealing                                  block n=1
INFO [08-10|03:41:37] Sealing                                  block n=2
INFO [08-10|03:41:39] Sealing                                  block n=3
INFO [08-10|03:41:42] Sealing                                  block n=4
INFO [08-10|03:41:45] Sealing                                  block n=5
INFO [08-10|03:41:49] Sealing                                  block n=6
INFO [08-10|03:41:51] Sealing                                  block n=7
INFO [08-10|03:41:53] Sealing                                  block n=8
INFO [08-10|03:41:57] Sealing                                  block n=9
INFO [08-10|03:42:01] Sealing                                  block n=10
INFO [08-10|03:42:04] Sealing                                  block n=11
INFO [08-10|03:42:12] Sealing                                  block n=12
INFO [08-10|03:42:27] Sealing                                  block n=13
INFO [08-10|03:42:54] Sealing                                  block n=14
INFO [08-10|03:43:39] Sealing                                  block n=15
INFO [08-10|03:44:50] Sealing                                  block n=16
INFO [08-10|03:44:54] Sealing                                  block n=17
INFO [08-10|03:44:56] Sealing                                  block n=18
INFO [08-10|03:44:59] Sealing                                  block n=19
INFO [08-10|03:45:01] Sealing                                  block n=20
INFO [08-10|03:45:05] Sealing                                  block n=21
INFO [08-10|03:45:08] Sealing                                  block n=22
INFO [08-10|03:45:11] Sealing                                  block n=23
INFO [08-10|03:45:15] Sealing                                  block n=24
INFO [08-10|03:45:18] Sealing                                  block n=25
INFO [08-10|03:45:22] Sealing                                  block n=26
INFO [08-10|03:45:25] Sealing                                  block n=27
INFO [08-10|03:45:32] Sealing                                  block n=28
INFO [08-10|03:45:47] Sealing                                  block n=29
