StartConsensus, 1531461174609233092
StartConsensus, 1531461205327958406
StartConsensus, 1531461210424751306
StartConsensus, 1531461213480243145
StartConsensus, 1531461217206121915
StartConsensus, 1531461221238815601
StartConsensus, 1531461225102165650
StartConsensus, 1531461229034783415
StartConsensus, 1531461233142885558
StartConsensus, 1531461236401412396
StartConsensus, 1531461242598871509
StartConsensus, 1531461254942345421
StartConsensus, 1531461259839761791
StartConsensus, 1531461263497326802
StartConsensus, 1531461268853478911
StartConsensus, 1531461271960617515
StartConsensus, 1531461275849743836
StartConsensus, 1531461279688469087
StartConsensus, 1531461284128846937
StartConsensus, 1531461288297911491
StartConsensus, 1531461293321760711
StartConsensus, 1531461297193024594
StartConsensus, 1531461300937956087
StartConsensus, 1531461310886703020
StartConsensus, 1531461314968490350
StartConsensus, 1531461318912654743
StartConsensus, 1531461321673609253
StartConsensus, 1531461326260909494
StartConsensus, 1531461329804459370
StartConsensus, 1531461333667887429
StartConsensus, 1531461337070318538
StartConsensus, 1531461340957911454
StartConsensus, 1531461344196997444
StartConsensus, 1531461348294147078
StartConsensus, 1531461351932144351
StartConsensus, 1531461355124125810
StartConsensus, 1531461358638368808
StartConsensus, 1531461363108304285
StartConsensus, 1531461367776079544
StartConsensus, 1531461371140572032
StartConsensus, 1531461374370835947
StartConsensus, 1531461378012537911
StartConsensus, 1531461381477706095
StartConsensus, 1531461384961922348
StartConsensus, 1531461388602231827
StartConsensus, 1531461392350271896
StartConsensus, 1531461396018036067
StartConsensus, 1531461399429922192
StartConsensus, 1531461403500220138
StartConsensus, 1531461407512046333
StartConsensus, 1531461410018301374
StartConsensus, 1531461416032786585
StartConsensus, 1531461419784237241
StartConsensus, 1531461423668125168
StartConsensus, 1531461427101849093
StartConsensus, 1531461430497948792
StartConsensus, 1531461434263253653
StartConsensus, 1531461438048856833
StartConsensus, 1531461441746391348
StartConsensus, 1531461445223758315
StartConsensus, 1531461449274827241
StartConsensus, 1531461452612058032
StartConsensus, 1531461457643830432
StartConsensus, 1531461460886530390
StartConsensus, 1531461464372585176
StartConsensus, 1531461467695056552
StartConsensus, 1531461471795342287
